163043
77632
162132
176036
72321
10749
70981
166232
182064
131468
125121
40565
28442
101627
79612
56249
156593
135469
37420
61275
38520
20397
121525
18616
39324
172824
102950
66095
75712
175749
163749
105919
6361
185301
33578
347
59973
26425
189171
99344
99755
11023
107047
175642
47583
161252
187090
173871
148236
77710
99362
145462
26311
134339
146289
70260
132306
74359
116241
170785
19572
135770
38145
105250
149993
41133
177084
62582
169884
135352
123312
184655
42117
180396
132397
110211
40470
71299
25619
189815
176347
128920
73144
13063
28421
73587
170545
156711
193376
113422
43564
114505
126857
83710
154701
176471
80205
158638
157593
32897
141759
160081
139086
122521
180963
57599
53332
148572
185566
90886
188386
35075
142593
43252
12177
64878
71390
16974
56941
52863
175633
170132
46395
84557
27676
31010
23017
72622
26323
51068
24994
109063
159050
138253
109453
32833
142094
44482
144385
116658
133403
127117
113326
181218
72868
70463
64929
55730
96194
80644
111258
72912
151648
93463
24856
130479
60986
113928
91090
183199
18047
156148
24405
120070
171036
120657
119545
26939
130123
6938
61540
109480
140254
94677
59844
142364
116766
140857
9498
179358
49045
38666
190242
23110
194925
57888
6621
102411
88452
123778
133336
175142
2377
88512
56377
29576
35428
35591
196823
135000
2238
136160
40021
128328
24588
35751
150614
72879
141340
1881
87379
19848
105885
71767
112999
191624
33984
113197
138628
23037
7745
28634
86791
135368
113681
174552
125414
49374
128776
145734
108113
35127
34921
82963
31560
76953
48024
184515
43694
145863
8299
75403
158697
20811
6900
104858
80058
154836
61095
59685
41699
48268
117948
180448
97263
186761
76138
68341
68295
171723
47230
34114
179371
117575
50291
10447
109593
193393
175460
134436
94612
86614
72393
78591
90217
185865
150276
124543
156109
34364
32452
180449
54239
34046
109404
46223
61889
54585
138954
165317
195515
24987
4636
80772
95067
110475
75032
66415
53922
157095
45955
55292
14574
1940
19472
5546
161447
20798
159951
133978
20792
144894
56481
103777
36028
52251
66903
172060
142687
107932
62275
152545
149923
141372
140318
118927
166406
84649
14352
113973
60378
130001
166623
12440
136958
36831
15814
178605
64079
105743
120954
76078
112748
75702
109651
54009
31696
85203
103017
84234
38792
153786
64982
78828
19461
122701
187504
69486
77940
39267
35591
181668
119025
66798
93574
62483
126754
62279
137368
125433
32822
123509
1708
184451
1952
19631
144582
11024
41991
157811
153260
155513
80619
121147
157599
120964
144247
48368
10251
62580
153033
80541
135529
98645
73472
97692
22686
162722
11327
177385
142204
16700
587
60504
20828
107665
31652
161076
51440
92758
134027
39625
22987
110139
134690
195859
136754
58993
63134
107372
136830
184297
62986
166418
13621
174478
45907
28060
191033
23743
39276
58339
18273
80406
173201
142135
177648
75161
32323
63328
31857
154282
46237
158165
168125
197912
158464
177994
190223
164142
152408
93591
116389
15523
172291
11410
1892
170455
77124
146735
43235
32468
108687
83359
39435
122464
53932
159685
185137
186380
26543
155082
37806
49158
135869
184317
127858
184156
197869
7894
15946
60474
11929
1571
117506
165907
172817
173744
161997
174605
19830
167211
159577
49779
4647
109146
156084
97676
100105
181498
104233
8045
125227
83887
142402
143155
112031
90934
175139
129411
28158
188566
44940
51801
84694
179589
98978
106845
88743
198539
82572
97762
177436
11989
179932
167451
178647
14346
158914
124756
135044
65951
160069
124737
25176
114615
125642
160297
59706
178676
107048
172029
48926
13269
198997
28232
71448
185396
93708
71323
101774
110021
16346
193515
96966
13771
28460
109921
161602
18242
150263
158309
15190
146898
7555
179150
154167
40528
36201
40577
31977
85136
117532
68277
191829
154666
155000
65519
162995
106904
99033
52117
65946
198591
48263
112057
67118
79172
116699
120855
131141
130876
52171
5348
23222
134213
64103
99598
171206
115035
113572
163442
51306
13101
106132
11193
37744
2978
152987
186147
76345
72717
97054
118501
80958
85692
124686
102717
35121
51261
171782
129746
132954
76048
154307
72547
190687
149682
154805
147562
147147
156432
84414
156381
4978
29183
81371
119837
60964
185927
103406
101702
67491
178759
27167
147803
8450
100875
54880
13993
154459
165212
181655
194151
16673
146153
70128
78358
104570
7566
20953
175535
194799
155868
182230
111151
114092
129818
60031
187972
139813
175558
101670
125665
16994
124942
83230
44597
83463
102997
152890
35474
150270
149878
18199
41730
117743
126913
148210
180341
130627
90079
160850
60156
71364
67390
24003
170380
26903
13303
167843
153251
59557
86339
161207
99428
123394
25992
199831
103393
173733
70064
19479
10597
76267
173958
14645
175557
109214
170921
146318
15581
155699
181459
1918
148340
75917
65296
49534
94498
190581
136617
121828
171172
87520
155550
114290
42829
12313
60629
92185
85756
65716
123570
180721
19478
145859
135700
145307
158042
45851
64630
88866
112082
117032
119381
170312
133413
107800
137201
176725
59665
76201
69176
193873
197724
115153
74641
17346
181840
131510
142325
159950
172351
150509
7860
8837
81300
137119
177667
21705
190016
127586
182997
154785
112503
25790
8674
27216
182906
175495
76028
193838
60392
139297
48495
40355
163493
107998
56864
108720
170500
61269
47287
932
88353
27143
135175
1451
87725
143531
185786
181519
110657
107644
80429
155201
189985
41881
151846
153929
154525
98988
4927
68648
71683
168174
82281
178739
161132
151317
73778
62002
144272
188945
122238
40230
90436
93091
62009
145558
101219
185330
7736
181803
111093
187584
163295
31492
24381
150981
50860
135119
59178
14248
122595
26132
49726
44578
180030
159526
91328
102109
186548
151945
4123
159168
177640
33386
90881
26266
116231
37256
76331
74208
89137
170115
85369
53535
68361
121651
103513
36531
128080
116551
93394
134454
75553
168692
33558
118263
99597
198182
74194
7899
95560
71875
152791
17488
7296
13053
56310
75230
99336
11389
125668
149971
22515
171418
30478
133271
69426
102441
166966
86793
28704
52508
52078
109529
79605
172000
183381
58256
93261
174976
146796
71024
138109
87714
99948
194266
78011
83422
11598
75411
15095
490
25637
96391
105506
73548
177871
179171
15330
37611
87539
89584
154400
164478
20651
194108
167853
134770
180995
122144
81178
194925
138245
87518
186407
110942
113593
6564
168657
129252
177667
119476
195614
51788
171596
137691
36010
159215
198688
17084
12937
196408
76746
96733
190721
188775
162930
118203
164226
107835
42257
38677
146725
8344
110421
189085
145089
61407
126324
100487
140878
22186
84231
182702
55397
