160591
137671
105887
57385
108258
72022
134835
20898
32422
143867
180349
96815
143903
145151
116782
38323
196443
88131
192618
142126
169726
29988
113063
186219
69902
14218
11106
196070
3706
156522
15305
154304
117763
74309
124427
153661
31843
53575
109185
37342
184988
11046
167658
175929
9896
120512
95840
136968
68361
170160
60070
137552
47991
89590
41235
82970
136875
80675
193988
102234
94215
83739
38996
20716
79748
179617
123068
46209
122725
137990
132987
189559
17953
92049
173009
9454
76998
157688
8157
178064
168396
187706
35281
57943
141101
90019
57093
76647
15192
1060
37908
127146
52284
38674
100140
140049
38399
45833
83721
141779
2976
155345
137404
95943
43259
111961
64210
45430
132208
91832
182515
71284
148710
115225
184509
64457
10975
129522
36274
135727
91242
129542
188684
157679
141273
21985
41415
185609
146963
3439
83008
82857
142074
132320
126589
4360
165916
151624
45619
46387
43447
69301
72973
62582
12806
916
180876
156503
131129
48206
15775
97515
55676
50389
49557
187089
61489
74982
186200
112412
61391
23090
97535
73453
102135
3228
103506
16484
79820
191462
33897
20827
56434
187443
45998
41851
117991
141806
71854
19358
84436
47719
106640
142529
148144
153317
108629
135930
62572
165503
148034
47988
37086
159933
97251
41902
170588
25045
22452
164943
94834
180366
36228
14482
73970
56041
91476
162104
153727
185026
121399
41368
16182
153484
38745
124411
3655
123356
33489
140886
184481
155358
5362
139692
140741
117457
163815
85004
9111
62717
186637
125013
124959
21947
30884
177036
157564
194033
72584
1623
110534
187855
115177
135042
65166
171832
13891
8100
70684
192934
40000
176561
86033
104927
4997
124056
31739
483
153375
80695
113463
92390
176739
26278
46681
14149
80242
168483
62354
134034
165270
49050
120644
138800
196156
158714
10473
69123
98153
82520
3903
167757
156182
133492
159785
52447
45171
89340
112553
22076
75394
3577
104722
189597
164153
167818
146284
105413
19578
116370
161182
53222
56762
175620
194098
48041
91884
86855
117797
27562
44456
8618
56220
40209
106186
90539
31707
154009
166153
134320
35633
154391
198517
78342
14866
120959
89474
71797
96614
170342
9835
41850
172087
27698
46378
97806
62949
177229
75839
95426
161066
163268
160125
20465
44766
173335
41484
88788
184877
83897
178981
173493
181440
67869
47699
79653
165161
173478
177348
27580
130889
102452
33722
76452
135509
65802
31827
55934
5989
76998
53649
133391
195195
90906
52503
60588
175418
103744
107850
170081
123573
84716
172186
4077
70685
136327
149936
192248
64923
139776
126669
11092
149386
117672
32995
14389
102249
137829
10764
54070
92956
12957
71413
177408
120136
152789
92642
103335
144095
67003
118381
84596
176176
112482
188086
187269
77076
27315
69191
33297
166204
97401
153600
148627
137614
142661
78717
98174
162193
69141
41526
114561
177131
170058
114989
148215
76442
169942
3527
196067
32866
85132
185305
124443
68174
96856
130169
72649
176065
59092
186822
101534
186082
157523
147030
170411
167636
28499
179143
23122
147827
65996
49586
44253
66987
58570
158402
180880
1495
43918
98140
123566
99918
58177
7567
168155
95254
10253
168162
152571
64440
127454
16837
125264
127969
24926
172179
159355
49246
193465
50387
62077
7137
151810
94736
103130
89993
69156
9930
169822
44454
53513
109983
84514
119756
136233
189628
95289
190003
10232
104127
24888
53791
2772
199434
52265
90908
41296
145564
79204
136583
101930
179870
70747
62453
93041
154596
179095
18962
167837
98313
166174
55878
69505
80386
65107
183066
83524
26789
188846
171973
196879
57427
163858
71335
101108
183072
74589
39736
30920
163545
177632
118831
136704
162727
113634
17799
145619
101308
38892
58170
87564
17477
90334
92188
121028
79552
62709
3402
41827
147591
188222
185223
90013
104441
101128
156293
104699
188125
95943
140073
36709
57537
156584
90786
145602
23652
9127
155232
5454
107278
4336
174156
65144
91337
180882
72658
56074
69528
60841
131358
127258
146811
42518
168064
34038
106154
151418
154459
185614
198728
142964
4075
185674
20749
3371
136185
88781
114153
2241
130455
33736
151735
49668
130050
75547
16504
45518
186871
61789
52506
154364
35405
9297
123540
109455
11372
40332
50855
122703
18385
175206
5286
113681
68818
99564
78494
63648
162471
49674
6299
197512
28426
101640
110241
20393
141041
120295
54854
36072
98939
68218
61358
197421
128123
87123
119292
55771
74627
72690
194687
167156
151725
23139
133159
199947
149428
7454
102051
89599
178535
156348
92749
193590
56244
83542
363
174379
51667
71357
62578
199630
168260
178080
22997
18763
69922
150853
14125
22380
27360
148814
631
111470
78794
2778
56891
177104
80245
112745
44469
112492
50918
82098
116674
9708
83153
72541
19899
63393
15597
173804
84532
68548
55479
44906
118340
37637
152150
59667
162352
172553
23741
99030
76183
160515
104955
31917
138024
75850
145568
156220
59162
110580
16531
43796
19240
66144
11204
79831
172837
15156
7675
12539
86886
49251
26125
21767
87791
54090
141315
110505
48760
101706
72248
193678
65466
115899
11106
63414
46077
143812
227
139951
4934
54436
121041
124614
135641
191577
92693
39586
64928
85757
157993
178691
190909
115836
51083
115907
87070
86564
112314
29363
80118
52623
181747
79924
168921
8166
162523
13992
34897
70868
75354
65409
166398
71527
195374
59783
190263
159823
27043
197188
173632
27305
180772
124672
106775
107224
179734
40015
131941
31254
38892
152141
37479
90707
195158
165950
197385
114006
72495
156406
39391
1657
85649
157757
130461
107226
153816
130010
186220
155658
41945
139080
82483
171428
78487
180854
100131
67933
56866
114428
43643
41419
173519
18873
156059
187067
169434
125126
70769
181546
93427
105829
169746
144024
35261
37665
51971
67403
164032
193016
159041
112053
54265
129702
99656
29327
42634
174635
25431
195792
115302
160992
27587
188611
11780
185877
60610
50159
36653
131124
180123
175308
38552
71809
40545
62618
29445
78711
17643
81843
133117
69800
99994
115983
121178
93812
186825
46994
49349
101539
179273
148725
61299
188835
96290
197770
60636
101029
171448
58135
88136
141697
25754
5482
129855
27012
172507
15291
182416
60697
193950
152002
82415
95440
90167
135047
152162
78911
82605
113834
193990
194282
167321
83130
153517
72557
2465
122264
104496
32964
64757
86161
37179
158569
52918
42425
141035
28290
54674
17197
175551
186657
2935
2068
195839
77257
50041
27206
186405
70487
172993
156468
146144
130517
13042
54493
37138
111331
155823
74945
148248
180663
136103
147043
127912
148149
115481
9282
115713
108829
81551
189872
178807
186274
19489
80226
197015
103915
106684
102951
165239
191984
34464
158591
188201
100768
119144
110279
161706
64867
74111
176918
113260
198332
111799
27915
136546
195150
184093
28257
90779
63342
91412
170330
129187
198678
81004
180989
63795
6213
36458
17221
168640
89503
143628
161409
125121
75346
177788
42418
171543
199510
179752
199642
127030
48727
15289
153575
55037
109776
143332
28670
133259
4637
7779
172367
43233
26434
174328
26739
189433
193904
73894
63328
72305
18451
82818
178176
186035
3030
113945
147958
167317
6706
51443
60526
142734
27000
49402
114488
83006
91791
142465
16902
132761
94208
124837
67353
35207
158162
108133
166657
184510
133435
20752
185633
41070
35223
190998
20554
74055
51199
170074
179319
117405
16550
142084
40130
147360
198114
146347
26568
196218
27224
108790
77885
135577
132501
144592
61507
57273
93311
148060
61236
58267
73131
128711
179549
39215
10586
163649
149846
166177
165201
1305
77104
30019
183980
121559
54317
55574
86536
72994
138934
101180
145590
77945
119323
88155
139756
21045
54597
135461
35428
83815
139045
179542
125811
22696
40891
42777
60447
15696
186971
67159
10486
56540
198163
187618
27360
124324
80126
161909
37359
66851
30172
92066
93299
60708
155978
158807
70949
167086
99860
3783
118145
52061
30405
147107
24140
190086
173310
37125
59714
190323
108387
121690
67633
94304
182295
7633
163272
160784
149505
45864
57178
65687
157684
151440
88756
131774
2341
75629
146403
148913
168625
199930
81766
62561
16405
164909
135659
132670
46555
191592
175372
158041
164009
41336
84039
159155
151570
131784
17768
146949
92910
143904
163452
31411
86803
112102
153162
90018
50202
123939
25213
111182
73434
148918
55443
96816
66568
107041
74693
60753
160434
27405
159768
64601
174895
34644
74175
187543
8072
12842
69077
148125
45201
60950
103816
95853
11613
135
119056
167510
145884
148841
191501
128839
91174
190036
136758
189508
81438
195996
101094
110981
38456
35563
19649
199676
178490
109658
147758
7152
82485
1644
167487
41370
15230
159786
132315
25818
84660
94585
104489
110095
12485
84522
102642
103210
15613
100643
51253
190339
172251
102828
28522
98399
98789
111846
13453
17676
115945
124583
149642
127470
134423
97085
71230
198918
102038
103773
87485
174515
40026
42537
71963
55238
180794
186949
168776
18955
93319
124219
56265
86484
19184
196125
182698
8875
22936
69662
116801
12981
131960
15536
88056
161376
61922
95101
149436
88126
20449
180403
80832
38369
60239
152676
50062
19547
82316
186658
176667
108018
99676
144591
43020
151487
186755
79184
147389
37332
30404
34927
192507
119498
196118
61602
196012
23578
70437
124276
102926
64674
6986
136274
189685
138419
58736
75280
195342
91245
118108
50221
29327
3985
68561
55389
34442
45591
118967
139858
94157
66975
33037
110173
100330
111319
32681
57174
27786
7039
49851
74703
122421
41888
171813
81726
147455
24672
137315
20302
13858
160198
147210
174557
47108
86654
23252
198699
157476
195544
164099
57390
115061
2988
25263
49651
31427
126295
31241
153825
130987
180312
48272
138719
64007
145867
58105
86370
72710
113412
150867
182739
87917
89481
74341
126104
187648
19573
198485
79009
37315
179720
46077
120312
149517
61198
66361
154037
160943
78423
4111
50237
102970
129040
196444
12340
40533
158197
89193
4667
192811
28170
104284
89052
183669
126968
150711
193106
11443
131228
130704
196364
197409
134749
45019
194564
40985
47233
60446
162843
142228
60760
21358
28665
12547
73545
8668
74948
141431
31548
149274
121436
48061
120224
75099
129304
24990
135476
32251
144985
181194
78672
122735
134033
91590
14009
121596
10429
150323
109267
82517
6609
194133
73533
33415
34919
140444
196637
178836
172321
148913
21149
160972
48692
133809
138215
156676
161658
39218
31919
111016
148081
68262
71007
19246
134990
77881
50016
40927
125813
45769
27116
9789
62852
155001
96838
98921
41457
146332
47333
52595
76891
147199
169913
37383
91215
118723
164033
197630
156233
48461
32141
24910
25233
166738
18082
28459
82859
69752
139737
31670
161714
79497
86903
50121
5037
163306
185369
90075
153949
38931
184889
134905
147290
150491
151596
265
160983
177183
19534
12491
93089
75747
30627
54829
18179
20124
92452
53609
36557
68494
148209
133034
164947
176256
95870
156442
35990
62517
138616
192216
175686
109454
169069
56226
115442
108230
140287
134881
140304
11830
81886
44233
28341
177233
84418
104307
186948
55203
20661
122695
31088
112346
91387
100502
142588
121785
108952
7223
140741
136295
88913
125574
60367
177708
72153
165569
135620
108211
26579
99422
43061
83231
150109
10028
160041
24933
113177
84436
117858
136301
163310
172729
196427
127888
115207
113266
104710
139232
177370
46271
24489
36054
174035
38892
9730
85861
173524
54804
41703
31233
103340
124422
26798
93789
181558
59640
176953
129566
29763
32099
57902
180612
176770
62348
21498
100646
11771
86369
36494
62582
187250
110014
101779
193892
98940
13669
81150
133758
176950
56530
92566
181347
98626
31420
93917
138490
84113
14295
84486
19989
35956
192242
197115
77942
193572
80531
103708
37286
132598
151591
42274
86998
156735
45779
78912
97589
15916
73390
43385
93862
181754
13694
184789
123293
149457
68417
176022
50993
195261
91552
155340
187622
76583
52280
134439
149397
14320
165420
3983
12829
196634
101626
98096
46377
120106
177456
47131
8718
180417
78639
156035
198872
55838
134664
170778
155818
242
86552
132967
178713
64453
148612
121024
162198
180921
23500
155866
13531
58730
58104
199422
112496
46513
191326
96044
132759
37136
197916
130588
193310
170894
174236
148014
16304
143871
70039
29429
41018
178736
58506
114104
35835
25653
194255
165505
25901
196237
54353
159111
20819
118949
177800
118289
21476
197469
28765
192047
30118
173541
60932
133634
189929
108060
191861
41928
92064
2801
140346
78833
59486
76862
66437
188783
120171
99702
125852
125526
10382
21768
85349
49060
162980
72219
58294
189179
153079
19890
122213
190636
189224
17669
129197
195395
145146
3055
110540
109272
118585
127192
39089
143277
134671
71170
39807
89032
9771
123520
129358
27677
48885
90156
35797
158083
57616
126343
12026
117236
78794
1561
45579
31284
95109
135408
94329
139490
17982
114462
53926
34236
136079
74509
31151
84740
148900
191868
85072
177070
72291
133317
87900
96117
40624
112687
126870
134282
87300
65148
119302
63820
89792
119784
167566
181484
81681
63240
46440
175073
138333
9182
190985
44505
129314
161030
25494
34891
47696
185533
69222
18391
72175
136277
50775
199170
198843
84188
164486
101215
48305
35457
75199
134420
129057
46673
94704
156595
95329
81021
176591
51811
191916
36961
111221
40835
137161
161342
181412
120992
19767
160416
36610
50692
59342
172176
189754
156905
156550
188327
130691
144935
148839
126739
101487
30841
45359
82112
100079
37919
138507
160920
101979
139094
187638
76214
125138
180891
158248
134004
138044
173122
104133
85238
107194
82220
37721
64625
99240
115370
190832
55898
115536
121124
37504
31995
129115
19317
45997
12973
4365
134492
6153
99393
146320
186844
125932
102901
64133
145441
185209
27703
160935
7377
43354
103180
55767
51918
8432
16548
1186
63115
51203
142810
13400
125800
119154
85816
104435
157054
84621
82324
142511
13573
59692
168187
54170
60626
170622
79992
74398
100445
2714
3011
50660
61068
130907
199861
7737
128509
171718
5083
77284
87479
82685
60279
92355
109596
135368
60824
12948
167098
131788
144656
48675
162825
35176
188776
162060
99731
32959
74476
68099
137707
47920
22476
24451
84674
129796
155359
139739
129921
17049
31714
101173
175528
142971
163269
159346
162176
24173
166975
113381
41361
119343
54705
128087
187303
133283
64041
158603
197595
115517
56195
44058
122118
43228
64273
181548
110547
77481
170864
23327
155154
59408
94249
160848
97559
18244
101655
67438
151935
41697
6158
100121
54694
2595
1740
93355
56597
91197
182245
169032
114338
33351
100596
74988
80567
191857
28323
44325
186694
129524
75456
194903
113007
120141
105732
179185
54663
172268
196525
63595
117360
172078
111334
111891
99052
20915
94464
108437
143515
187887
7582
47300
169574
199905
22852
3715
39643
161555
79895
163680
139131
55973
54414
139496
83164
63238
128383
179975
80614
158248
197913
65449
40928
173794
135261
141123
46268
19681
112899
178602
63777
55481
118332
172431
104023
14098
9402
26037
40387
151846
58670
108715
107787
168303
123751
165170
8671
110883
22177
94587
151641
89839
36898
171684
89622
175334
54143
175505
61703
18152
15548
2881
123585
2281
174221
42245
20340
187097
121338
115133
59069
113018
3856
52640
113294
118467
141995
94819
141028
93602
18715
104902
30891
60771
2735
50850
42257
105972
187523
134338
119025
176089
5851
31786
196208
33915
77267
62831
5600
150348
74005
98519
13539
113527
54072
191653
20491
103526
23016
155055
181687
139979
67920
112980
180756
69301
154181
8722
54594
187914
145444
123384
1042
17210
199242
74182
186399
64306
10904
72196
46343
145688
61966
194745
104214
56311
189549
134616
26764
109015
197948
71356
177619
90265
44189
73646
25494
153123
52553
157893
151339
150763
25781
120591
162603
164685
87031
186577
70202
81891
118671
132033
10611
184473
147064
161262
3280
22003
196324
160287
170175
105196
148605
73634
95781
141468
96112
38728
104367
18684
173034
24351
89601
179708
170320
107984
49683
127427
148424
98214
39518
90018
159126
98118
153940
70549
29326
60978
3447
48033
117708
2484
39612
73675
62866
89606
166573
6399
93748
56347
94707
125419
104172
32754
99397
58571
30818
140584
143462
20624
3270
124843
149936
112981
149850
115295
36326
167055
164697
57629
186963
108779
135776
167398
129834
11937
118162
42149
70294
78721
50653
45123
80396
89473
55535
68789
165796
120577
23055
61997
155989
37635
5769
76336
166240
165199
185095
29884
113170
33848
19136
101407
165105
99822
86333
193975
121873
87561
7510
128726
5236
73930
34447
115760
25833
163810
102977
56800
154436
79553
147402
26001
23799
33076
192343
28217
58922
6199
116871
174021
150490
12574
178005
71427
198773
164284
64255
127286
29450
67287
132803
175494
76815
126126
28845
23237
62185
30990
25974
126646
17789
127091
81881
76387
34832
193950
28087
86638
178370
40104
47542
9931
143548
89455
179911
130259
67645
167535
177444
8203
100622
191887
140861
162985
93427
62475
82342
62931
178911
26229
76630
189565
165565
92155
128071
83437
71945
144283
184396
126152
128717
37220
148438
16948
144180
198806
111720
199144
34878
112986
44573
148081
167864
155682
16025
65588
162160
22952
38171
100005
33939
66668
89994
146901
46790
694
77817
145561
21360
175184
9681
95022
166280
158206
126907
108315
17490
19827
34882
2989
199926
136999
2935
27728
59038
26824
145284
136047
46961
157990
148492
49330
33122
112027
155915
20907
195468
51849
42353
22448
2466
42202
182118
16875
158251
105409
43099
164935
146938
37401
71557
153140
197132
33736
114942
64943
129200
159028
4245
49924
43674
117072
32180
526
70599
74599
175545
198192
197699
124284
123888
190145
168480
128927
112441
185222
84654
152632
102442
119207
66052
143926
64312
111212
67177
82364
179753
8240
128363
138613
27144
83626
120531
6638
68647
32377
129427
28218
117270
192846
118785
2211
192705
11105
95108
147099
99401
96614
19390
162319
26581
173856
144088
66628
162486
807
13293
188933
112625
136332
110380
116486
143762
141286
132081
120666
70500
17361
56663
12902
67719
187220
198535
77569
180918
47530
159272
123660
98274
196406
150785
85149
43692
81926
133398
122738
116948
16305
10575
73020
29154
104275
117552
87555
1155
138200
109651
38887
45279
73185
81313
130202
76057
140544
143346
26716
55108
24048
141402
188910
52265
148935
166078
153577
91546
4717
144495
15977
159940
99617
161611
35106
30709
129276
176281
86612
178801
62921
59542
7741
181832
175731
196385
144169
197041
147855
1482
99727
199076
32950
146758
119868
153599
15793
103993
78375
120898
65324
52539
2305
47744
105140
171918
139531
83004
33678
192059
30865
128978
152075
115737
35469
152622
102096
198814
22819
181413
170787
160943
122762
192393
159404
92546
163295
120204
131657
24679
161666
124305
57735
188338
60742
80428
87158
97708
137554
4024
168118
141210
135955
110083
122800
55072
62164
28941
115185
198921
588
17853
57930
103252
170575
112744
124482
185733
85817
170180
59929
150510
38833
19210
176046
134434
122241
69197
79309
53297
79162
107818
199967
158471
82972
95947
189922
114058
194730
16660
66646
171699
79774
1623
46490
84347
161280
75197
186416
181059
87765
72213
116782
3284
87773
163804
145700
54883
172139
21719
155397
195344
132377
15794
118232
40839
115690
155271
60977
17374
165371
11916
59739
67196
68087
29498
124594
7013
158399
92854
75190
91134
106645
117105
96119
102869
18895
3774
147137
128575
3947
91726
68417
22242
25792
46610
153050
46591
40258
109527
13099
144234
156628
132124
138478
55466
52990
7442
171897
9548
57382
143096
163574
83470
43706
36337
117628
88587
188008
198520
179094
6457
92192
96250
50867
36566
117441
33932
72063
147654
143113
122034
135446
113880
49677
30411
195256
131772
100931
183378
56381
61406
189115
27482
92187
19388
22971
110391
103179
153612
42459
52403
93832
21902
189158
192706
47490
71312
132034
11292
198380
190369
116597
156962
92757
29548
87381
150383
77234
173738
140465
112267
120038
133984
43980
34206
194976
151728
39845
27787
107538
177495
180935
81300
94943
55765
140800
3605
168771
196066
196565
180748
63243
74706
152048
175770
68006
132192
82311
174037
72001
9265
166742
51998
4526
81870
8587
198207
158934
119982
4025
9278
49606
121715
125245
36421
104268
185894
120298
25768
169309
16450
88038
118663
36504
84375
107428
162959
36457
195348
152689
33111
1477
68399
179237
160626
51960
88244
195959
144528
12728
106960
119997
20400
52199
3093
151584
184691
13682
172560
165284
146078
150032
14125
47440
26392
197793
172060
118491
175278
3527
61917
198809
57780
123788
172320
25502
83152
6089
68578
122775
91
50820
163750
96128
93319
51861
158513
20564
85424
55782
39480
45599
79187
8552
183015
75595
31679
14952
120274
166109
115720
115296
139672
20107
190156
161464
74023
60127
180624
72893
174787
51551
14507
20763
104777
17700
30509
38350
21108
148186
113741
66377
31601
12700
134764
23269
165583
118358
187050
113834
112664
27584
14813
122357
199689
78230
167066
121989
145614
126716
8991
136709
96461
72295
88270
147540
67594
64264
188984
59530
105038
39704
19161
84558
148542
43987
77859
116182
152594
170559
93357
117308
195049
55631
154522
93277
32804
181349
175193
1798
28674
19192
66405
64280
151618
29658
64798
144363
152797
36156
141657
165720
59676
32602
195028
92250
11315
42846
135588
97969
137254
89295
172582
74488
121721
130710
148502
85453
153832
17985
113688
183756
181389
173448
39613
79274
100252
138129
152837
177199
133632
67857
27697
175529
29972
31816
147284
180683
36714
1406
11998
44135
25882
56286
138146
190061
167978
64482
39679
42444
105493
59242
12585
40344
196938
73924
91737
52453
75488
144056
70638
4802
1184
182296
37698
157799
76267
43590
28834
87116
129192
181680
44860
164867
79192
26794
22545
132325
89880
133408
167152
16316
95142
91455
21201
15165
181352
15230
121329
90632
78945
7447
157986
196388
89686
45040
28738
171390
121488
41077
64540
118479
75566
199262
60588
9093
142821
16219
103177
158105
54216
42627
90141
185264
10259
96284
165867
86026
67050
141173
33534
106251
64218
154067
33323
74804
2365
150515
93558
155661
166743
108148
127883
168950
90499
78466
195385
31760
97189
169824
113186
4886
179347
68662
189371
125412
112378
34051
30485
110911
67160
181575
49271
166022
82384
23444
55252
104565
28178
197116
134218
197703
61599
177452
164994
162253
182424
174995
87370
182672
128945
38258
71468
188406
24880
131365
146923
165890
37318
12924
50257
128508
34359
61040
76433
124554
85955
68703
12695
134502
182563
158820
128931
56228
45757
150840
16526
128318
136680
110010
89283
123451
100444
184354
176316
158137
157242
147955
53017
128398
168062
108090
78811
118529
148862
184728
62547
161695
86526
39612
197045
23493
173891
27811
27678
125577
140305
70041
125943
132202
114221
163614
123086
163464
33645
142587
114421
198939
35419
104929
5178
198848
21776
27455
40859
197337
57535
124391
67112
169097
22451
157835
130248
82446
96548
119436
78446
110894
93416
76881
143882
125208
20500
195621
114819
70850
163752
119570
21889
115861
159221
191373
32471
69915
158162
105445
104041
174455
133565
52623
88417
30546
121813
22593
169757
187098
178137
195100
57632
144620
95967
80044
47827
117880
154122
30451
78154
126467
14498
3423
54300
73550
29229
111326
87623
85047
60569
50696
18671
3505
121057
87563
144937
192936
3417
120028
25430
186091
195828
183566
188024
95365
74792
188486
80019
125997
179501
140821
68730
196897
169791
175652
165976
163268
65807
168095
72567
156718
65246
187133
50902
152190
83934
100294
54269
11767
84338
169976
140995
63694
106635
99206
155154
164932
158588
9541
60919
186843
12202
138203
21300
38484
58495
190533
25731
69631
104013
139822
192112
71398
101594
82251
61398
43541
196777
211
125790
29051
104989
23674
98752
9467
111214
134686
175764
94176
49050
189159
43186
89434
47723
44490
149490
73133
23601
58362
139254
34098
131303
176928
156789
16478
132426
20110
7337
65106
49591
53398
153955
176188
20174
59488
106579
74528
111365
186021
46928
90563
130983
195306
47399
140448
37006
96918
46526
70905
42844
108944
111420
105662
17455
15780
77580
123516
26532
28490
149629
172337
41305
124519
120423
195392
52748
184077
51120
71861
119046
50744
170938
41531
126312
125263
79150
65043
57094
63327
61210
158066
40791
64014
126798
193457
25446
6395
181216
172344
143278
118064
342
21359
99819
180650
17633
181934
29801
138088
167618
180622
160618
18918
184410
164144
105669
126823
177720
116566
106833
4682
149839
133899
100526
122908
41937
42805
167550
31620
108390
135924
133666
143552
114181
114236
167308
148053
36647
132930
167968
150554
40611
18183
195186
179086
8166
80653
112137
40701
102719
112419
166166
69486
77579
56818
110810
50117
192924
61930
100168
183806
21431
186887
11892
140593
60132
99512
175572
185294
18422
169167
104086
84125
54473
7664
50094
32369
164932
116335
49812
9458
173777
134566
39857
73222
90491
71953
34420
45138
136203
14737
117318
40002
144001
62546
85029
109171
22756
4412
24282
23953
129314
140118
141832
163386
190342
39540
12922
127068
100330
130624
74215
164365
75101
135864
22850
157994
95252
141966
144018
99109
56104
177855
169142
85993
172119
49741
105380
24033
6819
29623
7047
6179
87919
3081
103061
132237
59571
119898
51772
140988
162043
15399
69583
168915
179089
123186
50302
108426
162185
76802
153103
44176
169119
131816
30066
92282
132194
58048
135804
148550
136215
72808
158339
186111
134850
198469
30884
173539
108058
107276
11546
131783
117914
153430
194796
100754
139324
43546
44686
190367
157054
154092
108207
46514
29825
168459
37886
7047
32948
77136
2037
62054
151232
25375
86621
62850
178709
195736
151761
109519
106296
2476
45890
171034
22145
32556
23834
60162
108714
10189
108815
112309
2953
113337
119278
146008
107746
198255
118676
181215
68825
82547
164044
91077
58738
20761
82964
8666
20394
99968
114786
82139
5303
141466
54319
89234
185067
74012
137881
143716
164913
110036
15381
23360
3693
95836
32189
51574
78753
76976
99035
165349
139705
84125
32408
5380
84392
173966
85478
49189
2541
145587
149070
138725
92348
45458
21583
34677
64058
199444
98754
56440
41498
181196
123972
122286
151915
176873
22458
5774
171833
161176
95698
194960
166146
24616
33422
78983
76655
126141
117160
87728
124955
14373
162267
167836
128799
139806
88866
114727
142205
70269
79284
65499
43323
54401
25288
126611
113681
145782
145603
80714
26824
107355
88401
32922
152703
83655
139379
155353
47292
18657
3635
139440
33036
114434
136901
26612
101270
193456
66882
75814
102755
123093
170958
119784
171965
22054
192347
169361
143113
61883
130560
195391
41675
170980
26661
74305
14766
86925
111632
82977
155847
180035
194687
38998
1499
130113
174025
20572
126703
65998
193318
123186
25002
11519
50278
37129
36993
57347
61210
154377
24860
88283
38203
107477
44030
161436
27353
62856
185847
6953
65757
120332
164586
181145
152512
99912
119966
192937
77841
135854
27398
182028
22098
110457
178290
166653
11553
20057
34353
196520
44592
186505
113744
33305
63264
70354
109695
176983
140862
23810
161207
82989
164509
16670
163291
28447
128618
179583
130359
32301
109537
158735
55103
118216
99508
136398
33376
122242
125142
43709
30204
44315
36549
66774
182663
114111
45348
28675
95879
151286
23206
97545
145549
124941
127860
89440
57373
67713
53790
180659
112418
50683
78174
65037
80865
86450
65352
163104
196495
149065
112757
23849
44612
49883
130504
75797
38386
65613
36522
68322
28055
157709
8848
182916
31314
168335
139831
170629
17664
11566
139611
107883
172804
137918
35324
124242
146951
100438
24083
38780
192481
139871
97706
14852
161327
198558
152644
156091
69646
112399
50644
185251
46499
161964
193973
72477
125855
60961
48829
14810
168802
141000
81533
191598
108749
92304
173058
155596
165014
40236
66496
144461
98770
88784
164216
150078
48761
76961
10669
148557
180076
41288
151330
96174
38200
53567
88278
112247
43615
110639
88127
47080
45887
62281
156279
161394
156804
66212
136185
153568
101155
91451
161565
73754
123346
1344
59989
25530
58799
142729
2288
131715
168312
192389
161492
172820
48977
40581
173219
127303
55215
97115
49555
39312
155119
153288
104577
31477
182203
24764
91790
69550
174002
22366
23198
43062
176990
154963
171167
161851
166042
115370
83055
106928
38280
95944
48534
175090
182923
9108
106451
127309
151676
21372
73748
135531
121669
129204
31575
3874
10685
102810
11085
112388
123396
127601
134003
93250
128628
195523
143649
21669
152491
115198
163813
3680
129095
11427
144448
163337
97712
24387
151807
42152
8143
141580
12362
118994
22075
49523
104626
169173
103070
103556
183822
183245
39265
36708
190896
34952
42811
12634
40735
69280
45968
170835
6359
72592
106187
38362
6385
82517
56728
91299
194819
36666
53841
134463
106350
178454
88025
54774
158985
155502
17410
139568
96190
153629
52889
156018
189518
55800
42597
84925
125267
115844
31007
69579
28092
68559
112740
14703
162274
138121
154610
104567
34354
147069
64016
95240
114958
20946
158691
9806
131782
97965
140110
169347
20849
137916
43555
28147
86553
115404
171176
28379
141621
150291
176757
158060
133465
52661
52008
127300
115707
166587
33186
173988
143213
184446
129272
76790
100673
22292
75503
193618
153725
80144
74607
176116
137559
167241
189653
135158
72218
194824
65677
155772
165873
70209
11034
57650
196050
63150
169483
105883
146577
53692
82279
105283
70589
157432
23588
121675
92166
151255
198527
132543
35428
10945
23627
30293
62384
26658
192593
199116
94309
62826
26125
174690
21664
164781
169403
176472
152175
46086
173402
109843
121267
62037
33960
52807
145019
66261
42699
75368
165823
46270
84884
69617
112908
143541
102988
68698
95223
37144
129467
25210
184517
99761
150180
73754
79960
182865
186477
18618
102090
110056
12850
88993
91798
69626
77621
62368
6407
59270
106716
187435
875
196165
34757
135172
16565
109131
52613
114393
48575
121049
85839
83725
140384
74402
147979
91619
34214
185653
90512
28555
179659
88770
71435
57754
77511
37866
102202
190863
74142
3085
27087
193180
34207
39697
107716
161634
108712
28643
71528
137267
144827
83381
39904
136295
18134
77346
158333
173540
44426
186860
56694
118135
92178
4811
29873
96102
38266
54815
3828
40611
38390
46298
159741
176244
101013
22395
188660
56956
5166
22201
27562
199265
101762
186704
91672
6636
149413
45479
153704
26332
145716
197913
127440
196138
189247
156953
181087
131547
111030
121063
138265
81605
183993
78082
19379
39663
118539
186643
198157
147534
56841
6626
176315
58837
27704
87802
136997
116795
91128
36624
116897
8214
168687
101298
57389
100456
146290
139474
25443
183475
181565
113629
131789
27074
139646
159082
64816
190047
102097
9465
36217
90992
91750
76050
123025
17688
122548
99022
194994
119094
19982
139105
38788
176656
162836
155306
8962
133435
62659
12862
111309
6692
55682
1951
171457
54223
56812
73910
157370
145825
48208
36881
183798
139886
138379
152899
162638
89218
76314
164336
87085
159345
13085
187419
12358
149324
147578
183080
52746
26022
107990
85332
172288
5431
182804
172148
170192
114335
33304
192950
88699
29743
134109
35723
12662
86465
79084
127311
37362
4158
29758
102650
129295
30603
141857
128114
56200
162467
141572
52101
74198
170528
93952
62921
9522
72141
68345
151701
3947
116530
78774
190527
180246
103529
20522
160234
98458
52045
6104
174140
53910
43641
54626
95784
71251
107614
13659
30130
182129
80254
102320
167590
190855
40852
106811
161021
57776
131647
71176
49840
36321
15506
130780
159916
181445
139362
117853
117005
43792
9760
198216
76625
158553
41015
30142
398
40246
152221
163508
191446
35734
57290
56138
141546
124397
160641
147806
58375
193644
138233
78852
172033
84099
144604
185803
184409
132052
130642
1164
59752
118018
108613
167326
96438
129599
96311
152021
67955
75810
148325
198117
19041
61199
133180
51444
38800
80889
130105
129919
69787
58721
76703
110247
13321
21506
157781
169036
106645
82104
57495
49103
128535
53008
166483
30118
107644
58929
188102
39279
12465
137376
40935
57299
95513
116462
128150
95714
43282
118716
153947
53597
193227
81352
109405
148383
173457
78400
61736
184268
128306
50639
191059
142719
110347
192274
33565
133776
67449
45769
50326
112885
97627
98494
22462
122241
13665
103509
86249
32898
98409
179994
1107
124348
84461
149827
9351
195941
92641
118837
103455
45305
21822
111730
124798
91903
179634
55073
114684
119606
87118
136317
65647
164153
49944
84699
125780
128882
101772
57754
13244
14299
101331
172243
72944
78959
111012
90400
60464
9212
110561
129532
101152
93284
156263
35853
198090
17794
70273
66898
45272
60093
55171
64415
128467
18921
58512
77553
120512
115034
107766
104453
91369
187530
20776
98573
138714
115936
120608
160311
179707
191323
166408
175500
170668
141203
151035
195985
82505
153629
123051
144376
140198
44369
131239
34994
157216
47707
167232
125997
189259
17294
164268
177220
164862
81099
121430
2273
23355
179664
28942
15749
71951
145756
193018
123245
163768
35543
182885
11842
33640
169216
66038
81468
13322
119386
153868
55684
61320
49082
15004
60571
159185
59200
159831
7021
96166
