1543
169058
80815
90677
98761
91203
182532
1236
144348
50129
198339
96371
47469
119276
7371
125646
2411
43904
3770
198659
92990
198384
99490
88726
41589
64307
63099
9300
181285
150461
194888
132236
124682
17743
37915
166997
57061
187483
67557
172964
29135
56418
29115
156106
138523
187715
49242
149352
79228
184303
75264
14708
145566
80457
127546
51971
110396
139578
22621
197161
107539
173085
25573
111991
134451
93704
154616
76898
82716
29060
10270
165778
164544
158681
65683
62167
65086
83748
16711
149032
137878
73477
153630
85818
139916
79224
35254
91831
194114
121229
53387
63372
118640
65968
180669
6915
178233
68250
106647
90369
131891
173732
142546
137275
81831
6517
180933
34422
180987
190801
17891
149862
193050
197233
176772
115095
78563
19682
62948
155704
159857
172052
170559
100767
176953
55681
160289
62782
85982
45738
198434
132064
121973
193689
113780
72676
52330
87006
177746
26826
135420
111242
65763
137469
62467
99887
59349
54941
57567
145575
43318
121831
142815
53085
194009
57696
33443
112367
61222
178055
84489
26154
29361
191749
197618
81462
114057
149646
160661
192955
149601
119472
182501
1568
149528
23773
46760
139272
58934
110800
143231
186669
25084
36767
187699
93491
128441
127361
169129
136336
172948
51389
68294
5300
175464
43609
161056
7576
10568
59474
126585
37003
185748
110814
111601
163454
140534
116819
139965
167994
179648
22040
111421
192893
87018
95301
156825
70962
152489
18766
89364
85712
124446
23088
57790
158253
29376
139484
93589
111683
176074
109467
38943
122585
70753
87121
112093
151831
55167
45142
127752
74958
151316
178324
11568
182218
85658
100662
171954
11602
166474
4918
91046
189718
30282
55339
123840
40862
146282
107748
127687
134614
150437
60113
154478
70368
29662
122545
87222
161350
63656
122347
29579
26224
165314
41157
53509
61079
13526
57400
121314
124998
50906
143334
68837
10404
158638
39963
132692
113261
184213
193880
81342
17794
64566
74821
91336
93675
7262
84067
121382
31272
55027
93110
9508
32403
186446
36880
58983
55166
133580
60753
190421
62967
75234
69279
99000
80463
56937
51396
46713
146714
80728
103401
57889
120178
31731
199840
8820
61994
94925
65196
84517
109331
73777
129062
124309
27759
117343
107443
55101
191612
135468
127321
9788
170501
52389
93881
95653
155682
155171
165148
89484
186032
49188
127811
153884
187278
164120
179257
34470
37745
16784
762
107540
20394
120583
193085
153119
98750
101498
59028
141266
20739
173021
127253
169053
27620
58816
42396
180297
18427
107672
78534
100697
111937
65215
93658
31525
48592
20519
30332
128787
150253
23138
57216
69043
165590
66215
80929
126638
76933
52238
631
195793
198433
84865
66177
182800
155650
36402
26331
127712
5895
18145
153650
57490
190187
148311
114888
64045
77738
39209
51916
40269
120573
165423
177511
73563
64434
26143
197304
141270
113932
123137
127639
5353
163132
34823
11932
120267
32080
54764
17656
9318
180253
41418
48593
63064
129182
189283
95747
171479
49002
129604
44085
151107
197511
44569
172800
175008
112873
94934
90419
83261
63834
114092
177237
21775
137964
152039
198294
52965
132358
120380
85473
133189
103291
20174
166223
36707
108620
27429
138883
23152
99196
3930
77216
182967
150904
108559
64997
126258
162222
81388
177035
193488
124917
99006
140885
